20
50.00 170.00 120.00 170.00 98.46 175.38 
160.00 170.00 140.00 180.00 50.00 170.00 
39.28 75.62 10.00 130.00 55.65 84.35 
71.00 92.54 20.00 120.00 55.65 84.35 
80.00 0.00 110.00 30.00 10.00 130.00 
137.00 57.00 110.00 30.00 20.00 120.00 
80.00 0.00 102.11 37.89 10.00 130.00 
118.93 66.73 102.11 37.89 20.00 120.00 
80.00 -0.00 102.11 37.89 110.00 30.00 
80.00 -0.00 141.92 106.15 156.67 76.67 
80.00 -0.00 118.93 66.73 137.00 57.00 
111.82 54.55 124.44 44.44 80.00 -0.00 
49.57 56.52 60.00 60.00 60.00 37.14 
49.57 56.52 75.00 65.00 10.00 130.00 
104.12 74.71 75.00 65.00 20.00 120.00 
128.28 82.76 75.00 65.00 102.11 37.89 
128.28 82.76 150.00 90.00 141.92 106.15 
128.28 82.76 49.57 56.52 80.00 0.00 
128.28 82.76 104.12 74.71 118.93 66.73 
91.76 70.59 128.28 82.76 111.82 54.55 
